,Reference,Assembler,NAx,Basepairs
0,Bacillus_subtilis,MINIA,0,132084
1,Bacillus_subtilis,MINIA,1,132084
2,Bacillus_subtilis,MINIA,2,132084
3,Bacillus_subtilis,MINIA,3,132084
4,Bacillus_subtilis,MINIA,4,127934
5,Bacillus_subtilis,MINIA,5,127934
6,Bacillus_subtilis,MINIA,6,127934
7,Bacillus_subtilis,MINIA,7,124837
8,Bacillus_subtilis,MINIA,8,124837
9,Bacillus_subtilis,MINIA,9,124837
10,Bacillus_subtilis,MINIA,10,122458
11,Bacillus_subtilis,MINIA,11,122458
12,Bacillus_subtilis,MINIA,12,122458
13,Bacillus_subtilis,MINIA,13,120971
14,Bacillus_subtilis,MINIA,14,120971
15,Bacillus_subtilis,MINIA,15,120971
16,Bacillus_subtilis,MINIA,16,118623
17,Bacillus_subtilis,MINIA,17,118623
18,Bacillus_subtilis,MINIA,18,118623
19,Bacillus_subtilis,MINIA,19,103892
20,Bacillus_subtilis,MINIA,20,103892
21,Bacillus_subtilis,MINIA,21,103892
22,Bacillus_subtilis,MINIA,22,99700
23,Bacillus_subtilis,MINIA,23,99700
24,Bacillus_subtilis,MINIA,24,99700
25,Bacillus_subtilis,MINIA,25,98729
26,Bacillus_subtilis,MINIA,26,98729
27,Bacillus_subtilis,MINIA,27,98666
28,Bacillus_subtilis,MINIA,28,98666
29,Bacillus_subtilis,MINIA,29,98666
30,Bacillus_subtilis,MINIA,30,94919
31,Bacillus_subtilis,MINIA,31,94919
32,Bacillus_subtilis,MINIA,32,92807
33,Bacillus_subtilis,MINIA,33,92807
34,Bacillus_subtilis,MINIA,34,78694
35,Bacillus_subtilis,MINIA,35,78694
36,Bacillus_subtilis,MINIA,36,77357
37,Bacillus_subtilis,MINIA,37,77357
38,Bacillus_subtilis,MINIA,38,76544
39,Bacillus_subtilis,MINIA,39,76544
40,Bacillus_subtilis,MINIA,40,73760
41,Bacillus_subtilis,MINIA,41,73760
42,Bacillus_subtilis,MINIA,42,72434
43,Bacillus_subtilis,MINIA,43,72434
44,Bacillus_subtilis,MINIA,44,71660
45,Bacillus_subtilis,MINIA,45,71660
46,Bacillus_subtilis,MINIA,46,69826
47,Bacillus_subtilis,MINIA,47,69010
48,Bacillus_subtilis,MINIA,48,69010
49,Bacillus_subtilis,MINIA,49,65138
50,Bacillus_subtilis,MINIA,50,65138
51,Bacillus_subtilis,MINIA,51,64960
52,Bacillus_subtilis,MINIA,52,63199
53,Bacillus_subtilis,MINIA,53,63199
54,Bacillus_subtilis,MINIA,54,62539
55,Bacillus_subtilis,MINIA,55,62539
56,Bacillus_subtilis,MINIA,56,58393
57,Bacillus_subtilis,MINIA,57,56828
58,Bacillus_subtilis,MINIA,58,56828
59,Bacillus_subtilis,MINIA,59,56211
60,Bacillus_subtilis,MINIA,60,55052
61,Bacillus_subtilis,MINIA,61,54268
62,Bacillus_subtilis,MINIA,62,54268
63,Bacillus_subtilis,MINIA,63,54122
64,Bacillus_subtilis,MINIA,64,52285
65,Bacillus_subtilis,MINIA,65,50907
66,Bacillus_subtilis,MINIA,66,50907
67,Bacillus_subtilis,MINIA,67,48017
68,Bacillus_subtilis,MINIA,68,47537
69,Bacillus_subtilis,MINIA,69,43056
70,Bacillus_subtilis,MINIA,70,40051
71,Bacillus_subtilis,MINIA,71,38392
72,Bacillus_subtilis,MINIA,72,37222
73,Bacillus_subtilis,MINIA,73,37011
74,Bacillus_subtilis,MINIA,74,36788
75,Bacillus_subtilis,MINIA,75,34895
76,Bacillus_subtilis,MINIA,76,34762
77,Bacillus_subtilis,MINIA,77,34627
78,Bacillus_subtilis,MINIA,78,33728
79,Bacillus_subtilis,MINIA,79,33507
80,Bacillus_subtilis,MINIA,80,32916
81,Bacillus_subtilis,MINIA,81,30985
82,Bacillus_subtilis,MINIA,82,29149
83,Bacillus_subtilis,MINIA,83,26545
84,Bacillus_subtilis,MINIA,84,25644
85,Bacillus_subtilis,MINIA,85,25257
86,Bacillus_subtilis,MINIA,86,24109
87,Bacillus_subtilis,MINIA,87,22993
88,Bacillus_subtilis,MINIA,88,22680
89,Bacillus_subtilis,MINIA,89,21268
90,Bacillus_subtilis,MINIA,90,20149
91,Bacillus_subtilis,MINIA,91,18111
92,Bacillus_subtilis,MINIA,92,17522
93,Bacillus_subtilis,MINIA,93,16631
94,Bacillus_subtilis,MINIA,94,14286
95,Bacillus_subtilis,MINIA,95,14089
96,Bacillus_subtilis,MINIA,96,10879
97,Bacillus_subtilis,MINIA,97,9118
98,Bacillus_subtilis,MINIA,98,5690
99,Bacillus_subtilis,MINIA,99,3374
100,Bacillus_subtilis,MINIA,100,1012
101,Enterococcus_faecalis,MINIA,0,130628
102,Enterococcus_faecalis,MINIA,1,130628
103,Enterococcus_faecalis,MINIA,2,130628
104,Enterococcus_faecalis,MINIA,3,130628
105,Enterococcus_faecalis,MINIA,4,130628
106,Enterococcus_faecalis,MINIA,5,80235
107,Enterococcus_faecalis,MINIA,6,80235
108,Enterococcus_faecalis,MINIA,7,80235
109,Enterococcus_faecalis,MINIA,8,72815
110,Enterococcus_faecalis,MINIA,9,72815
111,Enterococcus_faecalis,MINIA,10,72815
112,Enterococcus_faecalis,MINIA,11,60508
113,Enterococcus_faecalis,MINIA,12,60508
114,Enterococcus_faecalis,MINIA,13,59082
115,Enterococcus_faecalis,MINIA,14,59082
116,Enterococcus_faecalis,MINIA,15,58845
117,Enterococcus_faecalis,MINIA,16,58845
118,Enterococcus_faecalis,MINIA,17,58693
119,Enterococcus_faecalis,MINIA,18,58693
120,Enterococcus_faecalis,MINIA,19,54893
121,Enterococcus_faecalis,MINIA,20,54893
122,Enterococcus_faecalis,MINIA,21,51427
123,Enterococcus_faecalis,MINIA,22,51427
124,Enterococcus_faecalis,MINIA,23,50425
125,Enterococcus_faecalis,MINIA,24,50425
126,Enterococcus_faecalis,MINIA,25,49176
127,Enterococcus_faecalis,MINIA,26,49176
128,Enterococcus_faecalis,MINIA,27,47539
129,Enterococcus_faecalis,MINIA,28,46840
130,Enterococcus_faecalis,MINIA,29,46840
131,Enterococcus_faecalis,MINIA,30,46239
132,Enterococcus_faecalis,MINIA,31,46239
133,Enterococcus_faecalis,MINIA,32,40626
134,Enterococcus_faecalis,MINIA,33,40506
135,Enterococcus_faecalis,MINIA,34,40506
136,Enterococcus_faecalis,MINIA,35,40136
137,Enterococcus_faecalis,MINIA,36,38987
138,Enterococcus_faecalis,MINIA,37,38987
139,Enterococcus_faecalis,MINIA,38,38557
140,Enterococcus_faecalis,MINIA,39,37019
141,Enterococcus_faecalis,MINIA,40,35769
142,Enterococcus_faecalis,MINIA,41,35769
143,Enterococcus_faecalis,MINIA,42,35624
144,Enterococcus_faecalis,MINIA,43,34850
145,Enterococcus_faecalis,MINIA,44,34471
146,Enterococcus_faecalis,MINIA,45,34423
147,Enterococcus_faecalis,MINIA,46,34423
148,Enterococcus_faecalis,MINIA,47,34354
149,Enterococcus_faecalis,MINIA,48,32898
150,Enterococcus_faecalis,MINIA,49,32803
151,Enterococcus_faecalis,MINIA,50,30453
152,Enterococcus_faecalis,MINIA,51,30453
153,Enterococcus_faecalis,MINIA,52,30356
154,Enterococcus_faecalis,MINIA,53,30356
155,Enterococcus_faecalis,MINIA,54,29183
156,Enterococcus_faecalis,MINIA,55,29167
157,Enterococcus_faecalis,MINIA,56,27836
158,Enterococcus_faecalis,MINIA,57,26365
159,Enterococcus_faecalis,MINIA,58,26282
160,Enterococcus_faecalis,MINIA,59,25107
161,Enterococcus_faecalis,MINIA,60,24005
162,Enterococcus_faecalis,MINIA,61,23353
163,Enterococcus_faecalis,MINIA,62,23032
164,Enterococcus_faecalis,MINIA,63,22748
165,Enterococcus_faecalis,MINIA,64,22593
166,Enterococcus_faecalis,MINIA,65,22141
167,Enterococcus_faecalis,MINIA,66,21529
168,Enterococcus_faecalis,MINIA,67,20589
169,Enterococcus_faecalis,MINIA,68,19735
170,Enterococcus_faecalis,MINIA,69,19690
171,Enterococcus_faecalis,MINIA,70,19442
172,Enterococcus_faecalis,MINIA,71,19394
173,Enterococcus_faecalis,MINIA,72,19009
174,Enterococcus_faecalis,MINIA,73,17232
175,Enterococcus_faecalis,MINIA,74,16589
176,Enterococcus_faecalis,MINIA,75,16573
177,Enterococcus_faecalis,MINIA,76,16098
178,Enterococcus_faecalis,MINIA,77,15428
179,Enterococcus_faecalis,MINIA,78,14834
180,Enterococcus_faecalis,MINIA,79,14277
181,Enterococcus_faecalis,MINIA,80,13356
182,Enterococcus_faecalis,MINIA,81,12760
183,Enterococcus_faecalis,MINIA,82,12203
184,Enterococcus_faecalis,MINIA,83,11721
185,Enterococcus_faecalis,MINIA,84,11168
186,Enterococcus_faecalis,MINIA,85,10460
187,Enterococcus_faecalis,MINIA,86,9941
188,Enterococcus_faecalis,MINIA,87,9798
189,Enterococcus_faecalis,MINIA,88,9762
190,Enterococcus_faecalis,MINIA,89,9265
191,Enterococcus_faecalis,MINIA,90,8607
192,Enterococcus_faecalis,MINIA,91,7149
193,Enterococcus_faecalis,MINIA,92,6715
194,Enterococcus_faecalis,MINIA,93,6540
195,Enterococcus_faecalis,MINIA,94,6017
196,Enterococcus_faecalis,MINIA,95,5750
197,Enterococcus_faecalis,MINIA,96,4426
198,Enterococcus_faecalis,MINIA,97,3318
199,Enterococcus_faecalis,MINIA,98,2839
200,Enterococcus_faecalis,MINIA,99,1928
201,Enterococcus_faecalis,MINIA,100,1125
202,Escherichia_coli_plasmid,MINIA,0,15153
203,Escherichia_coli_plasmid,MINIA,1,15153
204,Escherichia_coli_plasmid,MINIA,2,15153
205,Escherichia_coli_plasmid,MINIA,3,15153
206,Escherichia_coli_plasmid,MINIA,4,15153
207,Escherichia_coli_plasmid,MINIA,5,15153
208,Escherichia_coli_plasmid,MINIA,6,15153
209,Escherichia_coli_plasmid,MINIA,7,15153
210,Escherichia_coli_plasmid,MINIA,8,15153
211,Escherichia_coli_plasmid,MINIA,9,15153
212,Escherichia_coli_plasmid,MINIA,10,15153
213,Escherichia_coli_plasmid,MINIA,11,15153
214,Escherichia_coli_plasmid,MINIA,12,15153
215,Escherichia_coli_plasmid,MINIA,13,15153
216,Escherichia_coli_plasmid,MINIA,14,15153
217,Escherichia_coli_plasmid,MINIA,15,12833
218,Escherichia_coli_plasmid,MINIA,16,12833
219,Escherichia_coli_plasmid,MINIA,17,12833
220,Escherichia_coli_plasmid,MINIA,18,12833
221,Escherichia_coli_plasmid,MINIA,19,12833
222,Escherichia_coli_plasmid,MINIA,20,12833
223,Escherichia_coli_plasmid,MINIA,21,12833
224,Escherichia_coli_plasmid,MINIA,22,12833
225,Escherichia_coli_plasmid,MINIA,23,12833
226,Escherichia_coli_plasmid,MINIA,24,12833
227,Escherichia_coli_plasmid,MINIA,25,12833
228,Escherichia_coli_plasmid,MINIA,26,12833
229,Escherichia_coli_plasmid,MINIA,27,9739
230,Escherichia_coli_plasmid,MINIA,28,9739
231,Escherichia_coli_plasmid,MINIA,29,9739
232,Escherichia_coli_plasmid,MINIA,30,9739
233,Escherichia_coli_plasmid,MINIA,31,9739
234,Escherichia_coli_plasmid,MINIA,32,9739
235,Escherichia_coli_plasmid,MINIA,33,9739
236,Escherichia_coli_plasmid,MINIA,34,9739
237,Escherichia_coli_plasmid,MINIA,35,9739
238,Escherichia_coli_plasmid,MINIA,36,9739
239,Escherichia_coli_plasmid,MINIA,37,8271
240,Escherichia_coli_plasmid,MINIA,38,8271
241,Escherichia_coli_plasmid,MINIA,39,8271
242,Escherichia_coli_plasmid,MINIA,40,8271
243,Escherichia_coli_plasmid,MINIA,41,8271
244,Escherichia_coli_plasmid,MINIA,42,8271
245,Escherichia_coli_plasmid,MINIA,43,8271
246,Escherichia_coli_plasmid,MINIA,44,8271
247,Escherichia_coli_plasmid,MINIA,45,7186
248,Escherichia_coli_plasmid,MINIA,46,7186
249,Escherichia_coli_plasmid,MINIA,47,7186
250,Escherichia_coli_plasmid,MINIA,48,7186
251,Escherichia_coli_plasmid,MINIA,49,7186
252,Escherichia_coli_plasmid,MINIA,50,7186
253,Escherichia_coli_plasmid,MINIA,51,7186
254,Escherichia_coli_plasmid,MINIA,52,6638
255,Escherichia_coli_plasmid,MINIA,53,6638
256,Escherichia_coli_plasmid,MINIA,54,6638
257,Escherichia_coli_plasmid,MINIA,55,6638
258,Escherichia_coli_plasmid,MINIA,56,6638
259,Escherichia_coli_plasmid,MINIA,57,6638
260,Escherichia_coli_plasmid,MINIA,58,6555
261,Escherichia_coli_plasmid,MINIA,59,6555
262,Escherichia_coli_plasmid,MINIA,60,6555
263,Escherichia_coli_plasmid,MINIA,61,6555
264,Escherichia_coli_plasmid,MINIA,62,6555
265,Escherichia_coli_plasmid,MINIA,63,6555
266,Escherichia_coli_plasmid,MINIA,64,5464
267,Escherichia_coli_plasmid,MINIA,65,5464
268,Escherichia_coli_plasmid,MINIA,66,5464
269,Escherichia_coli_plasmid,MINIA,67,5464
270,Escherichia_coli_plasmid,MINIA,68,5464
271,Escherichia_coli_plasmid,MINIA,69,5464
272,Escherichia_coli_plasmid,MINIA,70,4544
273,Escherichia_coli_plasmid,MINIA,71,4544
274,Escherichia_coli_plasmid,MINIA,72,4544
275,Escherichia_coli_plasmid,MINIA,73,4544
276,Escherichia_coli_plasmid,MINIA,74,3213
277,Escherichia_coli_plasmid,MINIA,75,3213
278,Escherichia_coli_plasmid,MINIA,76,3213
279,Escherichia_coli_plasmid,MINIA,77,2851
280,Escherichia_coli_plasmid,MINIA,78,2851
281,Escherichia_coli_plasmid,MINIA,79,2851
282,Escherichia_coli_plasmid,MINIA,80,2645
283,Escherichia_coli_plasmid,MINIA,81,2645
284,Escherichia_coli_plasmid,MINIA,82,2517
285,Escherichia_coli_plasmid,MINIA,83,2517
286,Escherichia_coli_plasmid,MINIA,84,2517
287,Escherichia_coli_plasmid,MINIA,85,2448
288,Escherichia_coli_plasmid,MINIA,86,2448
289,Escherichia_coli_plasmid,MINIA,87,2368
290,Escherichia_coli_plasmid,MINIA,88,2368
291,Escherichia_coli_plasmid,MINIA,89,2368
292,Escherichia_coli_plasmid,MINIA,90,2349
293,Escherichia_coli_plasmid,MINIA,91,2349
294,Escherichia_coli_plasmid,MINIA,92,2270
295,Escherichia_coli_plasmid,MINIA,93,2270
296,Escherichia_coli_plasmid,MINIA,94,2078
297,Escherichia_coli_plasmid,MINIA,95,2078
298,Escherichia_coli_plasmid,MINIA,96,1914
299,Escherichia_coli_plasmid,MINIA,97,1914
300,Escherichia_coli_plasmid,MINIA,98,1678
301,Escherichia_coli_plasmid,MINIA,99,1100
302,Escherichia_coli_plasmid,MINIA,100,1100
303,Escherichia_coli,MINIA,0,54070
304,Escherichia_coli,MINIA,1,54070
305,Escherichia_coli,MINIA,2,30261
306,Escherichia_coli,MINIA,3,24197
307,Escherichia_coli,MINIA,4,23333
308,Escherichia_coli,MINIA,5,22247
309,Escherichia_coli,MINIA,6,21407
310,Escherichia_coli,MINIA,7,21034
311,Escherichia_coli,MINIA,8,19892
312,Escherichia_coli,MINIA,9,17562
313,Escherichia_coli,MINIA,10,15962
314,Escherichia_coli,MINIA,11,15524
315,Escherichia_coli,MINIA,12,13810
316,Escherichia_coli,MINIA,13,13234
317,Escherichia_coli,MINIA,14,12708
318,Escherichia_coli,MINIA,15,12450
319,Escherichia_coli,MINIA,16,11816
320,Escherichia_coli,MINIA,17,11605
321,Escherichia_coli,MINIA,18,10905
322,Escherichia_coli,MINIA,19,10733
323,Escherichia_coli,MINIA,20,10652
324,Escherichia_coli,MINIA,21,10361
325,Escherichia_coli,MINIA,22,9922
326,Escherichia_coli,MINIA,23,9608
327,Escherichia_coli,MINIA,24,9392
328,Escherichia_coli,MINIA,25,9233
329,Escherichia_coli,MINIA,26,9069
330,Escherichia_coli,MINIA,27,8730
331,Escherichia_coli,MINIA,28,8395
332,Escherichia_coli,MINIA,29,8213
333,Escherichia_coli,MINIA,30,8046
334,Escherichia_coli,MINIA,31,7908
335,Escherichia_coli,MINIA,32,7687
336,Escherichia_coli,MINIA,33,7568
337,Escherichia_coli,MINIA,34,7390
338,Escherichia_coli,MINIA,35,7237
339,Escherichia_coli,MINIA,36,7049
340,Escherichia_coli,MINIA,37,6667
341,Escherichia_coli,MINIA,38,6408
342,Escherichia_coli,MINIA,39,6147
343,Escherichia_coli,MINIA,40,5874
344,Escherichia_coli,MINIA,41,5770
345,Escherichia_coli,MINIA,42,5573
346,Escherichia_coli,MINIA,43,5412
347,Escherichia_coli,MINIA,44,5233
348,Escherichia_coli,MINIA,45,5091
349,Escherichia_coli,MINIA,46,4928
350,Escherichia_coli,MINIA,47,4845
351,Escherichia_coli,MINIA,48,4619
352,Escherichia_coli,MINIA,49,4560
353,Escherichia_coli,MINIA,50,4469
354,Escherichia_coli,MINIA,51,4428
355,Escherichia_coli,MINIA,52,4341
356,Escherichia_coli,MINIA,53,4210
357,Escherichia_coli,MINIA,54,4112
358,Escherichia_coli,MINIA,55,3995
359,Escherichia_coli,MINIA,56,3840
360,Escherichia_coli,MINIA,57,3742
361,Escherichia_coli,MINIA,58,3638
362,Escherichia_coli,MINIA,59,3578
363,Escherichia_coli,MINIA,60,3493
364,Escherichia_coli,MINIA,61,3364
365,Escherichia_coli,MINIA,62,3310
366,Escherichia_coli,MINIA,63,3200
367,Escherichia_coli,MINIA,64,3123
368,Escherichia_coli,MINIA,65,3080
369,Escherichia_coli,MINIA,66,2987
370,Escherichia_coli,MINIA,67,2879
371,Escherichia_coli,MINIA,68,2811
372,Escherichia_coli,MINIA,69,2741
373,Escherichia_coli,MINIA,70,2661
374,Escherichia_coli,MINIA,71,2582
375,Escherichia_coli,MINIA,72,2541
376,Escherichia_coli,MINIA,73,2490
377,Escherichia_coli,MINIA,74,2439
378,Escherichia_coli,MINIA,75,2386
379,Escherichia_coli,MINIA,76,2323
380,Escherichia_coli,MINIA,77,2247
381,Escherichia_coli,MINIA,78,2196
382,Escherichia_coli,MINIA,79,2123
383,Escherichia_coli,MINIA,80,2071
384,Escherichia_coli,MINIA,81,2031
385,Escherichia_coli,MINIA,82,1978
386,Escherichia_coli,MINIA,83,1902
387,Escherichia_coli,MINIA,84,1841
388,Escherichia_coli,MINIA,85,1782
389,Escherichia_coli,MINIA,86,1738
390,Escherichia_coli,MINIA,87,1675
391,Escherichia_coli,MINIA,88,1595
392,Escherichia_coli,MINIA,89,1523
393,Escherichia_coli,MINIA,90,1468
394,Escherichia_coli,MINIA,91,1422
395,Escherichia_coli,MINIA,92,1370
396,Escherichia_coli,MINIA,93,1328
397,Escherichia_coli,MINIA,94,1284
398,Escherichia_coli,MINIA,95,1226
399,Escherichia_coli,MINIA,96,1177
400,Escherichia_coli,MINIA,97,1132
401,Escherichia_coli,MINIA,98,1092
402,Escherichia_coli,MINIA,99,1045
403,Escherichia_coli,MINIA,100,1002
404,Lactobacillus_fermentum,MINIA,0,66009
405,Lactobacillus_fermentum,MINIA,1,66009
406,Lactobacillus_fermentum,MINIA,2,66009
407,Lactobacillus_fermentum,MINIA,3,66009
408,Lactobacillus_fermentum,MINIA,4,49846
409,Lactobacillus_fermentum,MINIA,5,49846
410,Lactobacillus_fermentum,MINIA,6,49846
411,Lactobacillus_fermentum,MINIA,7,36832
412,Lactobacillus_fermentum,MINIA,8,36832
413,Lactobacillus_fermentum,MINIA,9,33800
414,Lactobacillus_fermentum,MINIA,10,33800
415,Lactobacillus_fermentum,MINIA,11,32741
416,Lactobacillus_fermentum,MINIA,12,32741
417,Lactobacillus_fermentum,MINIA,13,31764
418,Lactobacillus_fermentum,MINIA,14,31764
419,Lactobacillus_fermentum,MINIA,15,30496
420,Lactobacillus_fermentum,MINIA,16,30496
421,Lactobacillus_fermentum,MINIA,17,30412
422,Lactobacillus_fermentum,MINIA,18,28264
423,Lactobacillus_fermentum,MINIA,19,28264
424,Lactobacillus_fermentum,MINIA,20,27368
425,Lactobacillus_fermentum,MINIA,21,26836
426,Lactobacillus_fermentum,MINIA,22,26836
427,Lactobacillus_fermentum,MINIA,23,25661
428,Lactobacillus_fermentum,MINIA,24,25152
429,Lactobacillus_fermentum,MINIA,25,25152
430,Lactobacillus_fermentum,MINIA,26,24857
431,Lactobacillus_fermentum,MINIA,27,24708
432,Lactobacillus_fermentum,MINIA,28,24708
433,Lactobacillus_fermentum,MINIA,29,21030
434,Lactobacillus_fermentum,MINIA,30,20954
435,Lactobacillus_fermentum,MINIA,31,20520
436,Lactobacillus_fermentum,MINIA,32,20227
437,Lactobacillus_fermentum,MINIA,33,20100
438,Lactobacillus_fermentum,MINIA,34,20100
439,Lactobacillus_fermentum,MINIA,35,18726
440,Lactobacillus_fermentum,MINIA,36,14571
441,Lactobacillus_fermentum,MINIA,37,14406
442,Lactobacillus_fermentum,MINIA,38,14310
443,Lactobacillus_fermentum,MINIA,39,14174
444,Lactobacillus_fermentum,MINIA,40,13798
445,Lactobacillus_fermentum,MINIA,41,13423
446,Lactobacillus_fermentum,MINIA,42,12701
447,Lactobacillus_fermentum,MINIA,43,12686
448,Lactobacillus_fermentum,MINIA,44,12199
449,Lactobacillus_fermentum,MINIA,45,12091
450,Lactobacillus_fermentum,MINIA,46,11549
451,Lactobacillus_fermentum,MINIA,47,11504
452,Lactobacillus_fermentum,MINIA,48,11431
453,Lactobacillus_fermentum,MINIA,49,11390
454,Lactobacillus_fermentum,MINIA,50,11293
455,Lactobacillus_fermentum,MINIA,51,11122
456,Lactobacillus_fermentum,MINIA,52,11120
457,Lactobacillus_fermentum,MINIA,53,10966
458,Lactobacillus_fermentum,MINIA,54,10912
459,Lactobacillus_fermentum,MINIA,55,10234
460,Lactobacillus_fermentum,MINIA,56,10007
461,Lactobacillus_fermentum,MINIA,57,9749
462,Lactobacillus_fermentum,MINIA,58,9559
463,Lactobacillus_fermentum,MINIA,59,9416
464,Lactobacillus_fermentum,MINIA,60,9276
465,Lactobacillus_fermentum,MINIA,61,9103
466,Lactobacillus_fermentum,MINIA,62,9080
467,Lactobacillus_fermentum,MINIA,63,8867
468,Lactobacillus_fermentum,MINIA,64,8737
469,Lactobacillus_fermentum,MINIA,65,8605
470,Lactobacillus_fermentum,MINIA,66,8400
471,Lactobacillus_fermentum,MINIA,67,8209
472,Lactobacillus_fermentum,MINIA,68,7940
473,Lactobacillus_fermentum,MINIA,69,7843
474,Lactobacillus_fermentum,MINIA,70,7471
475,Lactobacillus_fermentum,MINIA,71,7427
476,Lactobacillus_fermentum,MINIA,72,7325
477,Lactobacillus_fermentum,MINIA,73,7125
478,Lactobacillus_fermentum,MINIA,74,6948
479,Lactobacillus_fermentum,MINIA,75,6786
480,Lactobacillus_fermentum,MINIA,76,6704
481,Lactobacillus_fermentum,MINIA,77,6511
482,Lactobacillus_fermentum,MINIA,78,6403
483,Lactobacillus_fermentum,MINIA,79,5867
484,Lactobacillus_fermentum,MINIA,80,5752
485,Lactobacillus_fermentum,MINIA,81,5237
486,Lactobacillus_fermentum,MINIA,82,4882
487,Lactobacillus_fermentum,MINIA,83,4640
488,Lactobacillus_fermentum,MINIA,84,4390
489,Lactobacillus_fermentum,MINIA,85,3943
490,Lactobacillus_fermentum,MINIA,86,3677
491,Lactobacillus_fermentum,MINIA,87,3461
492,Lactobacillus_fermentum,MINIA,88,3257
493,Lactobacillus_fermentum,MINIA,89,3221
494,Lactobacillus_fermentum,MINIA,90,3087
495,Lactobacillus_fermentum,MINIA,91,2930
496,Lactobacillus_fermentum,MINIA,92,2803
497,Lactobacillus_fermentum,MINIA,93,2687
498,Lactobacillus_fermentum,MINIA,94,2403
499,Lactobacillus_fermentum,MINIA,95,2109
500,Lactobacillus_fermentum,MINIA,96,1920
501,Lactobacillus_fermentum,MINIA,97,1754
502,Lactobacillus_fermentum,MINIA,98,1649
503,Lactobacillus_fermentum,MINIA,99,1317
504,Lactobacillus_fermentum,MINIA,100,1001
505,Listeria_monocytogenes,MINIA,0,161812
506,Listeria_monocytogenes,MINIA,1,161812
507,Listeria_monocytogenes,MINIA,2,161812
508,Listeria_monocytogenes,MINIA,3,161812
509,Listeria_monocytogenes,MINIA,4,161812
510,Listeria_monocytogenes,MINIA,5,161812
511,Listeria_monocytogenes,MINIA,6,102298
512,Listeria_monocytogenes,MINIA,7,102298
513,Listeria_monocytogenes,MINIA,8,102298
514,Listeria_monocytogenes,MINIA,9,102298
515,Listeria_monocytogenes,MINIA,10,97170
516,Listeria_monocytogenes,MINIA,11,97170
517,Listeria_monocytogenes,MINIA,12,97170
518,Listeria_monocytogenes,MINIA,13,90282
519,Listeria_monocytogenes,MINIA,14,90282
520,Listeria_monocytogenes,MINIA,15,90282
521,Listeria_monocytogenes,MINIA,16,87316
522,Listeria_monocytogenes,MINIA,17,87316
523,Listeria_monocytogenes,MINIA,18,87316
524,Listeria_monocytogenes,MINIA,19,80538
525,Listeria_monocytogenes,MINIA,20,80538
526,Listeria_monocytogenes,MINIA,21,80538
527,Listeria_monocytogenes,MINIA,22,71749
528,Listeria_monocytogenes,MINIA,23,71749
529,Listeria_monocytogenes,MINIA,24,64777
530,Listeria_monocytogenes,MINIA,25,64777
531,Listeria_monocytogenes,MINIA,26,64777
532,Listeria_monocytogenes,MINIA,27,64451
533,Listeria_monocytogenes,MINIA,28,64451
534,Listeria_monocytogenes,MINIA,29,64356
535,Listeria_monocytogenes,MINIA,30,64356
536,Listeria_monocytogenes,MINIA,31,62493
537,Listeria_monocytogenes,MINIA,32,62493
538,Listeria_monocytogenes,MINIA,33,59845
539,Listeria_monocytogenes,MINIA,34,59845
540,Listeria_monocytogenes,MINIA,35,54651
541,Listeria_monocytogenes,MINIA,36,54651
542,Listeria_monocytogenes,MINIA,37,54587
543,Listeria_monocytogenes,MINIA,38,54587
544,Listeria_monocytogenes,MINIA,39,54570
545,Listeria_monocytogenes,MINIA,40,54570
546,Listeria_monocytogenes,MINIA,41,54115
547,Listeria_monocytogenes,MINIA,42,54115
548,Listeria_monocytogenes,MINIA,43,52654
549,Listeria_monocytogenes,MINIA,44,52654
550,Listeria_monocytogenes,MINIA,45,51199
551,Listeria_monocytogenes,MINIA,46,51199
552,Listeria_monocytogenes,MINIA,47,47769
553,Listeria_monocytogenes,MINIA,48,46963
554,Listeria_monocytogenes,MINIA,49,46963
555,Listeria_monocytogenes,MINIA,50,46368
556,Listeria_monocytogenes,MINIA,51,44353
557,Listeria_monocytogenes,MINIA,52,44353
558,Listeria_monocytogenes,MINIA,53,44320
559,Listeria_monocytogenes,MINIA,54,44320
560,Listeria_monocytogenes,MINIA,55,39383
561,Listeria_monocytogenes,MINIA,56,38879
562,Listeria_monocytogenes,MINIA,57,38246
563,Listeria_monocytogenes,MINIA,58,38246
564,Listeria_monocytogenes,MINIA,59,37618
565,Listeria_monocytogenes,MINIA,60,36936
566,Listeria_monocytogenes,MINIA,61,36342
567,Listeria_monocytogenes,MINIA,62,34801
568,Listeria_monocytogenes,MINIA,63,34801
569,Listeria_monocytogenes,MINIA,64,32700
570,Listeria_monocytogenes,MINIA,65,31701
571,Listeria_monocytogenes,MINIA,66,31348
572,Listeria_monocytogenes,MINIA,67,30498
573,Listeria_monocytogenes,MINIA,68,30203
574,Listeria_monocytogenes,MINIA,69,29781
575,Listeria_monocytogenes,MINIA,70,29321
576,Listeria_monocytogenes,MINIA,71,29202
577,Listeria_monocytogenes,MINIA,72,28569
578,Listeria_monocytogenes,MINIA,73,28180
579,Listeria_monocytogenes,MINIA,74,28179
580,Listeria_monocytogenes,MINIA,75,27395
581,Listeria_monocytogenes,MINIA,76,26164
582,Listeria_monocytogenes,MINIA,77,26063
583,Listeria_monocytogenes,MINIA,78,24123
584,Listeria_monocytogenes,MINIA,79,22848
585,Listeria_monocytogenes,MINIA,80,21464
586,Listeria_monocytogenes,MINIA,81,20323
587,Listeria_monocytogenes,MINIA,82,17820
588,Listeria_monocytogenes,MINIA,83,17258
589,Listeria_monocytogenes,MINIA,84,16600
590,Listeria_monocytogenes,MINIA,85,16420
591,Listeria_monocytogenes,MINIA,86,15196
592,Listeria_monocytogenes,MINIA,87,14506
593,Listeria_monocytogenes,MINIA,88,14156
594,Listeria_monocytogenes,MINIA,89,12379
595,Listeria_monocytogenes,MINIA,90,11384
596,Listeria_monocytogenes,MINIA,91,10389
597,Listeria_monocytogenes,MINIA,92,9316
598,Listeria_monocytogenes,MINIA,93,8180
599,Listeria_monocytogenes,MINIA,94,7088
600,Listeria_monocytogenes,MINIA,95,6683
601,Listeria_monocytogenes,MINIA,96,5999
602,Listeria_monocytogenes,MINIA,97,4508
603,Listeria_monocytogenes,MINIA,98,3439
604,Listeria_monocytogenes,MINIA,99,2213
605,Listeria_monocytogenes,MINIA,100,1056
606,Pseudomonas_aeruginosa,MINIA,0,105985
607,Pseudomonas_aeruginosa,MINIA,1,105985
608,Pseudomonas_aeruginosa,MINIA,2,88807
609,Pseudomonas_aeruginosa,MINIA,3,71013
610,Pseudomonas_aeruginosa,MINIA,4,71013
611,Pseudomonas_aeruginosa,MINIA,5,64198
612,Pseudomonas_aeruginosa,MINIA,6,63371
613,Pseudomonas_aeruginosa,MINIA,7,60187
614,Pseudomonas_aeruginosa,MINIA,8,57582
615,Pseudomonas_aeruginosa,MINIA,9,55340
616,Pseudomonas_aeruginosa,MINIA,10,54738
617,Pseudomonas_aeruginosa,MINIA,11,53349
618,Pseudomonas_aeruginosa,MINIA,12,52779
619,Pseudomonas_aeruginosa,MINIA,13,49796
620,Pseudomonas_aeruginosa,MINIA,14,48866
621,Pseudomonas_aeruginosa,MINIA,15,48817
622,Pseudomonas_aeruginosa,MINIA,16,45641
623,Pseudomonas_aeruginosa,MINIA,17,45484
624,Pseudomonas_aeruginosa,MINIA,18,44582
625,Pseudomonas_aeruginosa,MINIA,19,43826
626,Pseudomonas_aeruginosa,MINIA,20,43001
627,Pseudomonas_aeruginosa,MINIA,21,42035
628,Pseudomonas_aeruginosa,MINIA,22,40326
629,Pseudomonas_aeruginosa,MINIA,23,39923
630,Pseudomonas_aeruginosa,MINIA,24,38175
631,Pseudomonas_aeruginosa,MINIA,25,35681
632,Pseudomonas_aeruginosa,MINIA,26,35092
633,Pseudomonas_aeruginosa,MINIA,27,34987
634,Pseudomonas_aeruginosa,MINIA,28,34260
635,Pseudomonas_aeruginosa,MINIA,29,33829
636,Pseudomonas_aeruginosa,MINIA,30,33543
637,Pseudomonas_aeruginosa,MINIA,31,33042
638,Pseudomonas_aeruginosa,MINIA,32,32749
639,Pseudomonas_aeruginosa,MINIA,33,32691
640,Pseudomonas_aeruginosa,MINIA,34,31062
641,Pseudomonas_aeruginosa,MINIA,35,30467
642,Pseudomonas_aeruginosa,MINIA,36,28986
643,Pseudomonas_aeruginosa,MINIA,37,28588
644,Pseudomonas_aeruginosa,MINIA,38,28312
645,Pseudomonas_aeruginosa,MINIA,39,28211
646,Pseudomonas_aeruginosa,MINIA,40,27035
647,Pseudomonas_aeruginosa,MINIA,41,25730
648,Pseudomonas_aeruginosa,MINIA,42,24771
649,Pseudomonas_aeruginosa,MINIA,43,24665
650,Pseudomonas_aeruginosa,MINIA,44,24294
651,Pseudomonas_aeruginosa,MINIA,45,24029
652,Pseudomonas_aeruginosa,MINIA,46,23812
653,Pseudomonas_aeruginosa,MINIA,47,23627
654,Pseudomonas_aeruginosa,MINIA,48,22999
655,Pseudomonas_aeruginosa,MINIA,49,22276
656,Pseudomonas_aeruginosa,MINIA,50,22207
657,Pseudomonas_aeruginosa,MINIA,51,21921
658,Pseudomonas_aeruginosa,MINIA,52,21734
659,Pseudomonas_aeruginosa,MINIA,53,21139
660,Pseudomonas_aeruginosa,MINIA,54,20768
661,Pseudomonas_aeruginosa,MINIA,55,20273
662,Pseudomonas_aeruginosa,MINIA,56,19755
663,Pseudomonas_aeruginosa,MINIA,57,19292
664,Pseudomonas_aeruginosa,MINIA,58,19173
665,Pseudomonas_aeruginosa,MINIA,59,18934
666,Pseudomonas_aeruginosa,MINIA,60,18832
667,Pseudomonas_aeruginosa,MINIA,61,18616
668,Pseudomonas_aeruginosa,MINIA,62,18326
669,Pseudomonas_aeruginosa,MINIA,63,17800
670,Pseudomonas_aeruginosa,MINIA,64,17415
671,Pseudomonas_aeruginosa,MINIA,65,16977
672,Pseudomonas_aeruginosa,MINIA,66,16708
673,Pseudomonas_aeruginosa,MINIA,67,16191
674,Pseudomonas_aeruginosa,MINIA,68,15912
675,Pseudomonas_aeruginosa,MINIA,69,15272
676,Pseudomonas_aeruginosa,MINIA,70,14819
677,Pseudomonas_aeruginosa,MINIA,71,14623
678,Pseudomonas_aeruginosa,MINIA,72,14292
679,Pseudomonas_aeruginosa,MINIA,73,13997
680,Pseudomonas_aeruginosa,MINIA,74,13519
681,Pseudomonas_aeruginosa,MINIA,75,12671
682,Pseudomonas_aeruginosa,MINIA,76,12359
683,Pseudomonas_aeruginosa,MINIA,77,12006
684,Pseudomonas_aeruginosa,MINIA,78,11438
685,Pseudomonas_aeruginosa,MINIA,79,11004
686,Pseudomonas_aeruginosa,MINIA,80,10786
687,Pseudomonas_aeruginosa,MINIA,81,10142
688,Pseudomonas_aeruginosa,MINIA,82,9565
689,Pseudomonas_aeruginosa,MINIA,83,9227
690,Pseudomonas_aeruginosa,MINIA,84,8954
691,Pseudomonas_aeruginosa,MINIA,85,8699
692,Pseudomonas_aeruginosa,MINIA,86,8149
693,Pseudomonas_aeruginosa,MINIA,87,7652
694,Pseudomonas_aeruginosa,MINIA,88,7020
695,Pseudomonas_aeruginosa,MINIA,89,6768
696,Pseudomonas_aeruginosa,MINIA,90,6038
697,Pseudomonas_aeruginosa,MINIA,91,5653
698,Pseudomonas_aeruginosa,MINIA,92,5270
699,Pseudomonas_aeruginosa,MINIA,93,4849
700,Pseudomonas_aeruginosa,MINIA,94,4064
701,Pseudomonas_aeruginosa,MINIA,95,3463
702,Pseudomonas_aeruginosa,MINIA,96,3017
703,Pseudomonas_aeruginosa,MINIA,97,2556
704,Pseudomonas_aeruginosa,MINIA,98,1907
705,Pseudomonas_aeruginosa,MINIA,99,1481
706,Pseudomonas_aeruginosa,MINIA,100,1010
707,Salmonella_enterica,MINIA,0,56906
708,Salmonella_enterica,MINIA,1,56906
709,Salmonella_enterica,MINIA,2,44704
710,Salmonella_enterica,MINIA,3,38610
711,Salmonella_enterica,MINIA,4,36797
712,Salmonella_enterica,MINIA,5,33649
713,Salmonella_enterica,MINIA,6,31011
714,Salmonella_enterica,MINIA,7,27434
715,Salmonella_enterica,MINIA,8,21999
716,Salmonella_enterica,MINIA,9,19268
717,Salmonella_enterica,MINIA,10,18515
718,Salmonella_enterica,MINIA,11,18175
719,Salmonella_enterica,MINIA,12,17685
720,Salmonella_enterica,MINIA,13,17137
721,Salmonella_enterica,MINIA,14,16647
722,Salmonella_enterica,MINIA,15,14970
723,Salmonella_enterica,MINIA,16,14005
724,Salmonella_enterica,MINIA,17,13389
725,Salmonella_enterica,MINIA,18,12990
726,Salmonella_enterica,MINIA,19,12224
727,Salmonella_enterica,MINIA,20,11616
728,Salmonella_enterica,MINIA,21,11315
729,Salmonella_enterica,MINIA,22,10553
730,Salmonella_enterica,MINIA,23,10258
731,Salmonella_enterica,MINIA,24,9866
732,Salmonella_enterica,MINIA,25,9740
733,Salmonella_enterica,MINIA,26,9334
734,Salmonella_enterica,MINIA,27,9191
735,Salmonella_enterica,MINIA,28,8972
736,Salmonella_enterica,MINIA,29,8810
737,Salmonella_enterica,MINIA,30,8621
738,Salmonella_enterica,MINIA,31,8475
739,Salmonella_enterica,MINIA,32,8388
740,Salmonella_enterica,MINIA,33,8178
741,Salmonella_enterica,MINIA,34,7958
742,Salmonella_enterica,MINIA,35,7854
743,Salmonella_enterica,MINIA,36,7462
744,Salmonella_enterica,MINIA,37,7348
745,Salmonella_enterica,MINIA,38,7172
746,Salmonella_enterica,MINIA,39,7060
747,Salmonella_enterica,MINIA,40,6848
748,Salmonella_enterica,MINIA,41,6509
749,Salmonella_enterica,MINIA,42,6224
750,Salmonella_enterica,MINIA,43,6008
751,Salmonella_enterica,MINIA,44,5910
752,Salmonella_enterica,MINIA,45,5642
753,Salmonella_enterica,MINIA,46,5566
754,Salmonella_enterica,MINIA,47,5429
755,Salmonella_enterica,MINIA,48,5251
756,Salmonella_enterica,MINIA,49,5129
757,Salmonella_enterica,MINIA,50,4996
758,Salmonella_enterica,MINIA,51,4852
759,Salmonella_enterica,MINIA,52,4642
760,Salmonella_enterica,MINIA,53,4484
761,Salmonella_enterica,MINIA,54,4411
762,Salmonella_enterica,MINIA,55,4266
763,Salmonella_enterica,MINIA,56,4167
764,Salmonella_enterica,MINIA,57,4018
765,Salmonella_enterica,MINIA,58,3913
766,Salmonella_enterica,MINIA,59,3784
767,Salmonella_enterica,MINIA,60,3680
768,Salmonella_enterica,MINIA,61,3614
769,Salmonella_enterica,MINIA,62,3551
770,Salmonella_enterica,MINIA,63,3444
771,Salmonella_enterica,MINIA,64,3340
772,Salmonella_enterica,MINIA,65,3278
773,Salmonella_enterica,MINIA,66,3206
774,Salmonella_enterica,MINIA,67,3112
775,Salmonella_enterica,MINIA,68,3020
776,Salmonella_enterica,MINIA,69,2920
777,Salmonella_enterica,MINIA,70,2876
778,Salmonella_enterica,MINIA,71,2725
779,Salmonella_enterica,MINIA,72,2634
780,Salmonella_enterica,MINIA,73,2576
781,Salmonella_enterica,MINIA,74,2527
782,Salmonella_enterica,MINIA,75,2440
783,Salmonella_enterica,MINIA,76,2366
784,Salmonella_enterica,MINIA,77,2299
785,Salmonella_enterica,MINIA,78,2216
786,Salmonella_enterica,MINIA,79,2161
787,Salmonella_enterica,MINIA,80,2114
788,Salmonella_enterica,MINIA,81,2060
789,Salmonella_enterica,MINIA,82,2010
790,Salmonella_enterica,MINIA,83,1934
791,Salmonella_enterica,MINIA,84,1861
792,Salmonella_enterica,MINIA,85,1801
793,Salmonella_enterica,MINIA,86,1750
794,Salmonella_enterica,MINIA,87,1698
795,Salmonella_enterica,MINIA,88,1643
796,Salmonella_enterica,MINIA,89,1567
797,Salmonella_enterica,MINIA,90,1514
798,Salmonella_enterica,MINIA,91,1461
799,Salmonella_enterica,MINIA,92,1414
800,Salmonella_enterica,MINIA,93,1367
801,Salmonella_enterica,MINIA,94,1306
802,Salmonella_enterica,MINIA,95,1261
803,Salmonella_enterica,MINIA,96,1191
804,Salmonella_enterica,MINIA,97,1147
805,Salmonella_enterica,MINIA,98,1094
806,Salmonella_enterica,MINIA,99,1042
807,Salmonella_enterica,MINIA,100,1002
808,Staphylococcus_aureus,MINIA,0,90652
809,Staphylococcus_aureus,MINIA,1,90652
810,Staphylococcus_aureus,MINIA,2,90652
811,Staphylococcus_aureus,MINIA,3,90652
812,Staphylococcus_aureus,MINIA,4,65134
813,Staphylococcus_aureus,MINIA,5,65134
814,Staphylococcus_aureus,MINIA,6,62152
815,Staphylococcus_aureus,MINIA,7,62152
816,Staphylococcus_aureus,MINIA,8,62152
817,Staphylococcus_aureus,MINIA,9,54391
818,Staphylococcus_aureus,MINIA,10,54391
819,Staphylococcus_aureus,MINIA,11,54237
820,Staphylococcus_aureus,MINIA,12,54237
821,Staphylococcus_aureus,MINIA,13,51876
822,Staphylococcus_aureus,MINIA,14,51876
823,Staphylococcus_aureus,MINIA,15,51845
824,Staphylococcus_aureus,MINIA,16,51845
825,Staphylococcus_aureus,MINIA,17,50336
826,Staphylococcus_aureus,MINIA,18,50336
827,Staphylococcus_aureus,MINIA,19,48641
828,Staphylococcus_aureus,MINIA,20,48641
829,Staphylococcus_aureus,MINIA,21,46258
830,Staphylococcus_aureus,MINIA,22,46258
831,Staphylococcus_aureus,MINIA,23,46114
832,Staphylococcus_aureus,MINIA,24,45704
833,Staphylococcus_aureus,MINIA,25,45704
834,Staphylococcus_aureus,MINIA,26,43776
835,Staphylococcus_aureus,MINIA,27,43776
836,Staphylococcus_aureus,MINIA,28,42502
837,Staphylococcus_aureus,MINIA,29,41975
838,Staphylococcus_aureus,MINIA,30,41975
839,Staphylococcus_aureus,MINIA,31,34640
840,Staphylococcus_aureus,MINIA,32,34022
841,Staphylococcus_aureus,MINIA,33,34022
842,Staphylococcus_aureus,MINIA,34,33967
843,Staphylococcus_aureus,MINIA,35,33943
844,Staphylococcus_aureus,MINIA,36,33629
845,Staphylococcus_aureus,MINIA,37,33629
846,Staphylococcus_aureus,MINIA,38,32443
847,Staphylococcus_aureus,MINIA,39,32429
848,Staphylococcus_aureus,MINIA,40,32376
849,Staphylococcus_aureus,MINIA,41,32297
850,Staphylococcus_aureus,MINIA,42,32297
851,Staphylococcus_aureus,MINIA,43,32273
852,Staphylococcus_aureus,MINIA,44,31961
853,Staphylococcus_aureus,MINIA,45,31239
854,Staphylococcus_aureus,MINIA,46,30357
855,Staphylococcus_aureus,MINIA,47,30086
856,Staphylococcus_aureus,MINIA,48,30086
857,Staphylococcus_aureus,MINIA,49,29915
858,Staphylococcus_aureus,MINIA,50,29647
859,Staphylococcus_aureus,MINIA,51,29376
860,Staphylococcus_aureus,MINIA,52,29165
861,Staphylococcus_aureus,MINIA,53,27809
862,Staphylococcus_aureus,MINIA,54,26685
863,Staphylococcus_aureus,MINIA,55,26629
864,Staphylococcus_aureus,MINIA,56,25660
865,Staphylococcus_aureus,MINIA,57,24917
866,Staphylococcus_aureus,MINIA,58,24744
867,Staphylococcus_aureus,MINIA,59,24203
868,Staphylococcus_aureus,MINIA,60,24061
869,Staphylococcus_aureus,MINIA,61,24055
870,Staphylococcus_aureus,MINIA,62,24019
871,Staphylococcus_aureus,MINIA,63,23437
872,Staphylococcus_aureus,MINIA,64,23163
873,Staphylococcus_aureus,MINIA,65,22986
874,Staphylococcus_aureus,MINIA,66,20819
875,Staphylococcus_aureus,MINIA,67,20349
876,Staphylococcus_aureus,MINIA,68,20263
877,Staphylococcus_aureus,MINIA,69,19955
878,Staphylococcus_aureus,MINIA,70,18950
879,Staphylococcus_aureus,MINIA,71,18916
880,Staphylococcus_aureus,MINIA,72,16514
881,Staphylococcus_aureus,MINIA,73,16237
882,Staphylococcus_aureus,MINIA,74,15930
883,Staphylococcus_aureus,MINIA,75,15308
884,Staphylococcus_aureus,MINIA,76,15041
885,Staphylococcus_aureus,MINIA,77,14906
886,Staphylococcus_aureus,MINIA,78,14412
887,Staphylococcus_aureus,MINIA,79,13812
888,Staphylococcus_aureus,MINIA,80,13776
889,Staphylococcus_aureus,MINIA,81,12725
890,Staphylococcus_aureus,MINIA,82,11547
891,Staphylococcus_aureus,MINIA,83,10997
892,Staphylococcus_aureus,MINIA,84,10864
893,Staphylococcus_aureus,MINIA,85,10444
894,Staphylococcus_aureus,MINIA,86,10441
895,Staphylococcus_aureus,MINIA,87,9356
896,Staphylococcus_aureus,MINIA,88,8671
897,Staphylococcus_aureus,MINIA,89,7906
898,Staphylococcus_aureus,MINIA,90,7461
899,Staphylococcus_aureus,MINIA,91,7013
900,Staphylococcus_aureus,MINIA,92,5964
901,Staphylococcus_aureus,MINIA,93,5527
902,Staphylococcus_aureus,MINIA,94,4404
903,Staphylococcus_aureus,MINIA,95,4074
904,Staphylococcus_aureus,MINIA,96,3533
905,Staphylococcus_aureus,MINIA,97,2985
906,Staphylococcus_aureus,MINIA,98,2275
907,Staphylococcus_aureus,MINIA,99,1805
908,Staphylococcus_aureus,MINIA,100,1069
909,Staphylococcus_aureus_plasmid1,MINIA,0,6307
910,Staphylococcus_aureus_plasmid1,MINIA,1,6307
911,Staphylococcus_aureus_plasmid1,MINIA,2,6307
912,Staphylococcus_aureus_plasmid1,MINIA,3,6307
913,Staphylococcus_aureus_plasmid1,MINIA,4,6307
914,Staphylococcus_aureus_plasmid1,MINIA,5,6307
915,Staphylococcus_aureus_plasmid1,MINIA,6,6307
916,Staphylococcus_aureus_plasmid1,MINIA,7,6307
917,Staphylococcus_aureus_plasmid1,MINIA,8,6307
918,Staphylococcus_aureus_plasmid1,MINIA,9,6307
919,Staphylococcus_aureus_plasmid1,MINIA,10,6307
920,Staphylococcus_aureus_plasmid1,MINIA,11,6307
921,Staphylococcus_aureus_plasmid1,MINIA,12,6307
922,Staphylococcus_aureus_plasmid1,MINIA,13,6307
923,Staphylococcus_aureus_plasmid1,MINIA,14,6307
924,Staphylococcus_aureus_plasmid1,MINIA,15,6307
925,Staphylococcus_aureus_plasmid1,MINIA,16,6307
926,Staphylococcus_aureus_plasmid1,MINIA,17,6307
927,Staphylococcus_aureus_plasmid1,MINIA,18,6307
928,Staphylococcus_aureus_plasmid1,MINIA,19,6307
929,Staphylococcus_aureus_plasmid1,MINIA,20,6307
930,Staphylococcus_aureus_plasmid1,MINIA,21,6307
931,Staphylococcus_aureus_plasmid1,MINIA,22,6307
932,Staphylococcus_aureus_plasmid1,MINIA,23,6307
933,Staphylococcus_aureus_plasmid1,MINIA,24,6307
934,Staphylococcus_aureus_plasmid1,MINIA,25,6307
935,Staphylococcus_aureus_plasmid1,MINIA,26,6307
936,Staphylococcus_aureus_plasmid1,MINIA,27,6307
937,Staphylococcus_aureus_plasmid1,MINIA,28,6307
938,Staphylococcus_aureus_plasmid1,MINIA,29,6307
939,Staphylococcus_aureus_plasmid1,MINIA,30,6307
940,Staphylococcus_aureus_plasmid1,MINIA,31,6307
941,Staphylococcus_aureus_plasmid1,MINIA,32,6307
942,Staphylococcus_aureus_plasmid1,MINIA,33,6307
943,Staphylococcus_aureus_plasmid1,MINIA,34,6307
944,Staphylococcus_aureus_plasmid1,MINIA,35,6307
945,Staphylococcus_aureus_plasmid1,MINIA,36,6307
946,Staphylococcus_aureus_plasmid1,MINIA,37,6307
947,Staphylococcus_aureus_plasmid1,MINIA,38,6307
948,Staphylococcus_aureus_plasmid1,MINIA,39,6307
949,Staphylococcus_aureus_plasmid1,MINIA,40,6307
950,Staphylococcus_aureus_plasmid1,MINIA,41,6307
951,Staphylococcus_aureus_plasmid1,MINIA,42,6307
952,Staphylococcus_aureus_plasmid1,MINIA,43,6307
953,Staphylococcus_aureus_plasmid1,MINIA,44,6307
954,Staphylococcus_aureus_plasmid1,MINIA,45,6307
955,Staphylococcus_aureus_plasmid1,MINIA,46,6307
956,Staphylococcus_aureus_plasmid1,MINIA,47,6307
957,Staphylococcus_aureus_plasmid1,MINIA,48,6307
958,Staphylococcus_aureus_plasmid1,MINIA,49,6307
959,Staphylococcus_aureus_plasmid1,MINIA,50,6307
960,Staphylococcus_aureus_plasmid1,MINIA,51,6307
961,Staphylococcus_aureus_plasmid1,MINIA,52,6307
962,Staphylococcus_aureus_plasmid1,MINIA,53,6307
963,Staphylococcus_aureus_plasmid1,MINIA,54,6307
964,Staphylococcus_aureus_plasmid1,MINIA,55,6307
965,Staphylococcus_aureus_plasmid1,MINIA,56,6307
966,Staphylococcus_aureus_plasmid1,MINIA,57,6307
967,Staphylococcus_aureus_plasmid1,MINIA,58,6307
968,Staphylococcus_aureus_plasmid1,MINIA,59,6307
969,Staphylococcus_aureus_plasmid1,MINIA,60,6307
970,Staphylococcus_aureus_plasmid1,MINIA,61,6307
971,Staphylococcus_aureus_plasmid1,MINIA,62,6307
972,Staphylococcus_aureus_plasmid1,MINIA,63,6307
973,Staphylococcus_aureus_plasmid1,MINIA,64,6307
974,Staphylococcus_aureus_plasmid1,MINIA,65,6307
975,Staphylococcus_aureus_plasmid1,MINIA,66,6307
976,Staphylococcus_aureus_plasmid1,MINIA,67,6307
977,Staphylococcus_aureus_plasmid1,MINIA,68,6307
978,Staphylococcus_aureus_plasmid1,MINIA,69,6307
979,Staphylococcus_aureus_plasmid1,MINIA,70,6307
980,Staphylococcus_aureus_plasmid1,MINIA,71,6307
981,Staphylococcus_aureus_plasmid1,MINIA,72,6307
982,Staphylococcus_aureus_plasmid1,MINIA,73,6307
983,Staphylococcus_aureus_plasmid1,MINIA,74,6307
984,Staphylococcus_aureus_plasmid1,MINIA,75,6307
985,Staphylococcus_aureus_plasmid1,MINIA,76,6307
986,Staphylococcus_aureus_plasmid1,MINIA,77,6307
987,Staphylococcus_aureus_plasmid1,MINIA,78,6307
988,Staphylococcus_aureus_plasmid1,MINIA,79,6307
989,Staphylococcus_aureus_plasmid1,MINIA,80,6307
990,Staphylococcus_aureus_plasmid1,MINIA,81,6307
991,Staphylococcus_aureus_plasmid1,MINIA,82,6307
992,Staphylococcus_aureus_plasmid1,MINIA,83,6307
993,Staphylococcus_aureus_plasmid1,MINIA,84,6307
994,Staphylococcus_aureus_plasmid1,MINIA,85,6307
995,Staphylococcus_aureus_plasmid1,MINIA,86,6307
996,Staphylococcus_aureus_plasmid1,MINIA,87,6307
997,Staphylococcus_aureus_plasmid1,MINIA,88,6307
998,Staphylococcus_aureus_plasmid1,MINIA,89,6307
999,Staphylococcus_aureus_plasmid1,MINIA,90,6307
1000,Staphylococcus_aureus_plasmid1,MINIA,91,6307
1001,Staphylococcus_aureus_plasmid1,MINIA,92,6307
1002,Staphylococcus_aureus_plasmid1,MINIA,93,6307
1003,Staphylococcus_aureus_plasmid1,MINIA,94,6307
1004,Staphylococcus_aureus_plasmid1,MINIA,95,6307
1005,Staphylococcus_aureus_plasmid1,MINIA,96,6307
1006,Staphylococcus_aureus_plasmid1,MINIA,97,6307
1007,Staphylococcus_aureus_plasmid1,MINIA,98,6307
1008,Staphylococcus_aureus_plasmid1,MINIA,99,6307
1009,Staphylococcus_aureus_plasmid1,MINIA,100,6307
1010,Staphylococcus_aureus_plasmid2,MINIA,0,0
1011,Staphylococcus_aureus_plasmid2,MINIA,1,0
1012,Staphylococcus_aureus_plasmid2,MINIA,2,0
1013,Staphylococcus_aureus_plasmid2,MINIA,3,0
1014,Staphylococcus_aureus_plasmid2,MINIA,4,0
1015,Staphylococcus_aureus_plasmid2,MINIA,5,0
1016,Staphylococcus_aureus_plasmid2,MINIA,6,0
1017,Staphylococcus_aureus_plasmid2,MINIA,7,0
1018,Staphylococcus_aureus_plasmid2,MINIA,8,0
1019,Staphylococcus_aureus_plasmid2,MINIA,9,0
1020,Staphylococcus_aureus_plasmid2,MINIA,10,0
1021,Staphylococcus_aureus_plasmid2,MINIA,11,0
1022,Staphylococcus_aureus_plasmid2,MINIA,12,0
1023,Staphylococcus_aureus_plasmid2,MINIA,13,0
1024,Staphylococcus_aureus_plasmid2,MINIA,14,0
1025,Staphylococcus_aureus_plasmid2,MINIA,15,0
1026,Staphylococcus_aureus_plasmid2,MINIA,16,0
1027,Staphylococcus_aureus_plasmid2,MINIA,17,0
1028,Staphylococcus_aureus_plasmid2,MINIA,18,0
1029,Staphylococcus_aureus_plasmid2,MINIA,19,0
1030,Staphylococcus_aureus_plasmid2,MINIA,20,0
1031,Staphylococcus_aureus_plasmid2,MINIA,21,0
1032,Staphylococcus_aureus_plasmid2,MINIA,22,0
1033,Staphylococcus_aureus_plasmid2,MINIA,23,0
1034,Staphylococcus_aureus_plasmid2,MINIA,24,0
1035,Staphylococcus_aureus_plasmid2,MINIA,25,0
1036,Staphylococcus_aureus_plasmid2,MINIA,26,0
1037,Staphylococcus_aureus_plasmid2,MINIA,27,0
1038,Staphylococcus_aureus_plasmid2,MINIA,28,0
1039,Staphylococcus_aureus_plasmid2,MINIA,29,0
1040,Staphylococcus_aureus_plasmid2,MINIA,30,0
1041,Staphylococcus_aureus_plasmid2,MINIA,31,0
1042,Staphylococcus_aureus_plasmid2,MINIA,32,0
1043,Staphylococcus_aureus_plasmid2,MINIA,33,0
1044,Staphylococcus_aureus_plasmid2,MINIA,34,0
1045,Staphylococcus_aureus_plasmid2,MINIA,35,0
1046,Staphylococcus_aureus_plasmid2,MINIA,36,0
1047,Staphylococcus_aureus_plasmid2,MINIA,37,0
1048,Staphylococcus_aureus_plasmid2,MINIA,38,0
1049,Staphylococcus_aureus_plasmid2,MINIA,39,0
1050,Staphylococcus_aureus_plasmid2,MINIA,40,0
1051,Staphylococcus_aureus_plasmid2,MINIA,41,0
1052,Staphylococcus_aureus_plasmid2,MINIA,42,0
1053,Staphylococcus_aureus_plasmid2,MINIA,43,0
1054,Staphylococcus_aureus_plasmid2,MINIA,44,0
1055,Staphylococcus_aureus_plasmid2,MINIA,45,0
1056,Staphylococcus_aureus_plasmid2,MINIA,46,0
1057,Staphylococcus_aureus_plasmid2,MINIA,47,0
1058,Staphylococcus_aureus_plasmid2,MINIA,48,0
1059,Staphylococcus_aureus_plasmid2,MINIA,49,0
1060,Staphylococcus_aureus_plasmid2,MINIA,50,0
1061,Staphylococcus_aureus_plasmid2,MINIA,51,0
1062,Staphylococcus_aureus_plasmid2,MINIA,52,0
1063,Staphylococcus_aureus_plasmid2,MINIA,53,0
1064,Staphylococcus_aureus_plasmid2,MINIA,54,0
1065,Staphylococcus_aureus_plasmid2,MINIA,55,0
1066,Staphylococcus_aureus_plasmid2,MINIA,56,0
1067,Staphylococcus_aureus_plasmid2,MINIA,57,0
1068,Staphylococcus_aureus_plasmid2,MINIA,58,0
1069,Staphylococcus_aureus_plasmid2,MINIA,59,0
1070,Staphylococcus_aureus_plasmid2,MINIA,60,0
1071,Staphylococcus_aureus_plasmid2,MINIA,61,0
1072,Staphylococcus_aureus_plasmid2,MINIA,62,0
1073,Staphylococcus_aureus_plasmid2,MINIA,63,0
1074,Staphylococcus_aureus_plasmid2,MINIA,64,0
1075,Staphylococcus_aureus_plasmid2,MINIA,65,0
1076,Staphylococcus_aureus_plasmid2,MINIA,66,0
1077,Staphylococcus_aureus_plasmid2,MINIA,67,0
1078,Staphylococcus_aureus_plasmid2,MINIA,68,0
1079,Staphylococcus_aureus_plasmid2,MINIA,69,0
1080,Staphylococcus_aureus_plasmid2,MINIA,70,0
1081,Staphylococcus_aureus_plasmid2,MINIA,71,0
1082,Staphylococcus_aureus_plasmid2,MINIA,72,0
1083,Staphylococcus_aureus_plasmid2,MINIA,73,0
1084,Staphylococcus_aureus_plasmid2,MINIA,74,0
1085,Staphylococcus_aureus_plasmid2,MINIA,75,0
1086,Staphylococcus_aureus_plasmid2,MINIA,76,0
1087,Staphylococcus_aureus_plasmid2,MINIA,77,0
1088,Staphylococcus_aureus_plasmid2,MINIA,78,0
1089,Staphylococcus_aureus_plasmid2,MINIA,79,0
1090,Staphylococcus_aureus_plasmid2,MINIA,80,0
1091,Staphylococcus_aureus_plasmid2,MINIA,81,0
1092,Staphylococcus_aureus_plasmid2,MINIA,82,0
1093,Staphylococcus_aureus_plasmid2,MINIA,83,0
1094,Staphylococcus_aureus_plasmid2,MINIA,84,0
1095,Staphylococcus_aureus_plasmid2,MINIA,85,0
1096,Staphylococcus_aureus_plasmid2,MINIA,86,0
1097,Staphylococcus_aureus_plasmid2,MINIA,87,0
1098,Staphylococcus_aureus_plasmid2,MINIA,88,0
1099,Staphylococcus_aureus_plasmid2,MINIA,89,0
1100,Staphylococcus_aureus_plasmid2,MINIA,90,0
1101,Staphylococcus_aureus_plasmid2,MINIA,91,0
1102,Staphylococcus_aureus_plasmid2,MINIA,92,0
1103,Staphylococcus_aureus_plasmid2,MINIA,93,0
1104,Staphylococcus_aureus_plasmid2,MINIA,94,0
1105,Staphylococcus_aureus_plasmid2,MINIA,95,0
1106,Staphylococcus_aureus_plasmid2,MINIA,96,0
1107,Staphylococcus_aureus_plasmid2,MINIA,97,0
1108,Staphylococcus_aureus_plasmid2,MINIA,98,0
1109,Staphylococcus_aureus_plasmid2,MINIA,99,0
1110,Staphylococcus_aureus_plasmid2,MINIA,100,0
1111,Staphylococcus_aureus_plasmid3,MINIA,0,0
1112,Staphylococcus_aureus_plasmid3,MINIA,1,0
1113,Staphylococcus_aureus_plasmid3,MINIA,2,0
1114,Staphylococcus_aureus_plasmid3,MINIA,3,0
1115,Staphylococcus_aureus_plasmid3,MINIA,4,0
1116,Staphylococcus_aureus_plasmid3,MINIA,5,0
1117,Staphylococcus_aureus_plasmid3,MINIA,6,0
1118,Staphylococcus_aureus_plasmid3,MINIA,7,0
1119,Staphylococcus_aureus_plasmid3,MINIA,8,0
1120,Staphylococcus_aureus_plasmid3,MINIA,9,0
1121,Staphylococcus_aureus_plasmid3,MINIA,10,0
1122,Staphylococcus_aureus_plasmid3,MINIA,11,0
1123,Staphylococcus_aureus_plasmid3,MINIA,12,0
1124,Staphylococcus_aureus_plasmid3,MINIA,13,0
1125,Staphylococcus_aureus_plasmid3,MINIA,14,0
1126,Staphylococcus_aureus_plasmid3,MINIA,15,0
1127,Staphylococcus_aureus_plasmid3,MINIA,16,0
1128,Staphylococcus_aureus_plasmid3,MINIA,17,0
1129,Staphylococcus_aureus_plasmid3,MINIA,18,0
1130,Staphylococcus_aureus_plasmid3,MINIA,19,0
1131,Staphylococcus_aureus_plasmid3,MINIA,20,0
1132,Staphylococcus_aureus_plasmid3,MINIA,21,0
1133,Staphylococcus_aureus_plasmid3,MINIA,22,0
1134,Staphylococcus_aureus_plasmid3,MINIA,23,0
1135,Staphylococcus_aureus_plasmid3,MINIA,24,0
1136,Staphylococcus_aureus_plasmid3,MINIA,25,0
1137,Staphylococcus_aureus_plasmid3,MINIA,26,0
1138,Staphylococcus_aureus_plasmid3,MINIA,27,0
1139,Staphylococcus_aureus_plasmid3,MINIA,28,0
1140,Staphylococcus_aureus_plasmid3,MINIA,29,0
1141,Staphylococcus_aureus_plasmid3,MINIA,30,0
1142,Staphylococcus_aureus_plasmid3,MINIA,31,0
1143,Staphylococcus_aureus_plasmid3,MINIA,32,0
1144,Staphylococcus_aureus_plasmid3,MINIA,33,0
1145,Staphylococcus_aureus_plasmid3,MINIA,34,0
1146,Staphylococcus_aureus_plasmid3,MINIA,35,0
1147,Staphylococcus_aureus_plasmid3,MINIA,36,0
1148,Staphylococcus_aureus_plasmid3,MINIA,37,0
1149,Staphylococcus_aureus_plasmid3,MINIA,38,0
1150,Staphylococcus_aureus_plasmid3,MINIA,39,0
1151,Staphylococcus_aureus_plasmid3,MINIA,40,0
1152,Staphylococcus_aureus_plasmid3,MINIA,41,0
1153,Staphylococcus_aureus_plasmid3,MINIA,42,0
1154,Staphylococcus_aureus_plasmid3,MINIA,43,0
1155,Staphylococcus_aureus_plasmid3,MINIA,44,0
1156,Staphylococcus_aureus_plasmid3,MINIA,45,0
1157,Staphylococcus_aureus_plasmid3,MINIA,46,0
1158,Staphylococcus_aureus_plasmid3,MINIA,47,0
1159,Staphylococcus_aureus_plasmid3,MINIA,48,0
1160,Staphylococcus_aureus_plasmid3,MINIA,49,0
1161,Staphylococcus_aureus_plasmid3,MINIA,50,0
1162,Staphylococcus_aureus_plasmid3,MINIA,51,0
1163,Staphylococcus_aureus_plasmid3,MINIA,52,0
1164,Staphylococcus_aureus_plasmid3,MINIA,53,0
1165,Staphylococcus_aureus_plasmid3,MINIA,54,0
1166,Staphylococcus_aureus_plasmid3,MINIA,55,0
1167,Staphylococcus_aureus_plasmid3,MINIA,56,0
1168,Staphylococcus_aureus_plasmid3,MINIA,57,0
1169,Staphylococcus_aureus_plasmid3,MINIA,58,0
1170,Staphylococcus_aureus_plasmid3,MINIA,59,0
1171,Staphylococcus_aureus_plasmid3,MINIA,60,0
1172,Staphylococcus_aureus_plasmid3,MINIA,61,0
1173,Staphylococcus_aureus_plasmid3,MINIA,62,0
1174,Staphylococcus_aureus_plasmid3,MINIA,63,0
1175,Staphylococcus_aureus_plasmid3,MINIA,64,0
1176,Staphylococcus_aureus_plasmid3,MINIA,65,0
1177,Staphylococcus_aureus_plasmid3,MINIA,66,0
1178,Staphylococcus_aureus_plasmid3,MINIA,67,0
1179,Staphylococcus_aureus_plasmid3,MINIA,68,0
1180,Staphylococcus_aureus_plasmid3,MINIA,69,0
1181,Staphylococcus_aureus_plasmid3,MINIA,70,0
1182,Staphylococcus_aureus_plasmid3,MINIA,71,0
1183,Staphylococcus_aureus_plasmid3,MINIA,72,0
1184,Staphylococcus_aureus_plasmid3,MINIA,73,0
1185,Staphylococcus_aureus_plasmid3,MINIA,74,0
1186,Staphylococcus_aureus_plasmid3,MINIA,75,0
1187,Staphylococcus_aureus_plasmid3,MINIA,76,0
1188,Staphylococcus_aureus_plasmid3,MINIA,77,0
1189,Staphylococcus_aureus_plasmid3,MINIA,78,0
1190,Staphylococcus_aureus_plasmid3,MINIA,79,0
1191,Staphylococcus_aureus_plasmid3,MINIA,80,0
1192,Staphylococcus_aureus_plasmid3,MINIA,81,0
1193,Staphylococcus_aureus_plasmid3,MINIA,82,0
1194,Staphylococcus_aureus_plasmid3,MINIA,83,0
1195,Staphylococcus_aureus_plasmid3,MINIA,84,0
1196,Staphylococcus_aureus_plasmid3,MINIA,85,0
1197,Staphylococcus_aureus_plasmid3,MINIA,86,0
1198,Staphylococcus_aureus_plasmid3,MINIA,87,0
1199,Staphylococcus_aureus_plasmid3,MINIA,88,0
1200,Staphylococcus_aureus_plasmid3,MINIA,89,0
1201,Staphylococcus_aureus_plasmid3,MINIA,90,0
1202,Staphylococcus_aureus_plasmid3,MINIA,91,0
1203,Staphylococcus_aureus_plasmid3,MINIA,92,0
1204,Staphylococcus_aureus_plasmid3,MINIA,93,0
1205,Staphylococcus_aureus_plasmid3,MINIA,94,0
1206,Staphylococcus_aureus_plasmid3,MINIA,95,0
1207,Staphylococcus_aureus_plasmid3,MINIA,96,0
1208,Staphylococcus_aureus_plasmid3,MINIA,97,0
1209,Staphylococcus_aureus_plasmid3,MINIA,98,0
1210,Staphylococcus_aureus_plasmid3,MINIA,99,0
1211,Staphylococcus_aureus_plasmid3,MINIA,100,0
